version https://git-lfs.github.com/spec/v1
oid sha256:2f0bd0d2c91f387564e73949eac35209b14b3aaa45cb8601be47946f773f2301
size 113853678
